53.20627863977447, 23.321250862316788
53.20122681713397, 23.305439825901203
53.200910599643564, 23.30442863310259
53.200685664922645, 23.3038546403734
53.200457515642725, 23.30338257158678
53.200084762093596, 23.302797850021534
53.19976342022529, 23.302449162849598
53.19932532664088, 23.302033722024134
53.19639005630663, 23.29947100814138
53.19571099473347, 23.298904253332466
53.19516772223853, 23.2983517182754
53.19462227087744, 23.297704115791248
53.19432659877245, 23.297237411422657
53.1940566355044, 23.29667414752953
53.19354875772689, 23.295450918142706
53.193012033631646, 23.294201008741766
53.19271635042136, 23.293508998815923
53.19236281347149, 23.29262923425904
53.191959671250125, 23.29144137428034
53.19162612038696, 23.29033148443591
53.19158112379291, 23.2900954500426
53.19150077261462, 23.289644838928098
53.191478274257726, 23.289033295272702
53.19144934778149, 23.288781167625302
53.19129507291206, 23.287263037322873
53.19020412677423, 23.275796899688658
53.18994699421599, 23.274337777984556
53.1888734491276, 23.271312246215757
53.18851039733449, 23.26881912419435
next
53.18851039733449, 23.26881912419435
53.18845254035803, 23.2683416909897
53.18817611150413, 23.267241985293595
53.18785468036351, 23.26608863541719
53.18778299604429, 23.265870567780212
53.18760892006819, 23.265533839204863
53.18654968959152, 23.26376216359199
53.185765456416156, 23.262574251104525
53.1855886596487, 23.262300665785006
53.185479366737, 23.262123639990023
53.18537650256566, 23.261871512342623
53.18531542684721, 23.261555011678865
53.18525113652327, 23.26121168892496
53.185074337635484, 23.259613092352083
53.184955399791804, 23.25847161373406
53.18487534692274, 23.2578069444354
53.18432887048954, 23.254920887535377
53.183094958446304, 23.248448033552222
53.181998770542336, 23.24336795968611
53.18178860507894, 23.242701097726467
53.18157465296853, 23.242184844380745
53.17941254608054, 23.237495224980194
53.17856792324755, 23.23560503431247
53.17830429083619, 23.234982761821016
53.17816925897362, 23.23363092847751
next
53.17816925897362, 23.23363092847751
53.17840920156531, 23.231069553690986
53.178383481306206, 23.230103958445625
53.17830632043637, 23.229556787806587
53.17801696593839, 23.228548277216987
53.177708318989225, 23.227893818217353
53.1773417978527, 23.227389562922554
53.1769238313315, 23.22699259598835
53.17639011431509, 23.226563442545967
53.17430662530138, 23.224846828776435
53.17395615192997, 23.22450887044056
53.17366033731504, 23.224149454432563
53.173335581965226, 23.223527181941108
53.17127807520807, 23.217178292705512
53.17101761358226, 23.21647018952558
53.16797093888426, 23.209550248736377
next
53.16797093888426, 23.209550248736377
53.165821764748515, 23.204753122658644
53.165551622018576, 23.204163036675368
53.16525896547554, 23.20360513720027
53.164844097286064, 23.20308478865138
53.16434097126202, 23.20258053335658
53.16330859532867, 23.20164176020137
53.16238280052928, 23.20081503290453
53.161392699433854, 23.199979034198577
53.16053079461669, 23.19918510033017
next
53.16053079461669, 23.19918510033017
53.16038902400722, 23.19906112681599
53.16241307184718, 23.19590409324894
53.1676807634142, 23.187869789939214
next
53.1676807634142, 23.187869789939214
53.168250136637575, 23.187466222003195
53.169015488494495, 23.18684394951174
53.169748669908245, 23.186672288134787
53.17080983134602, 23.186661559298727
53.17062332608509, 23.18583543892214
53.17025996005886, 23.184751826480124
53.16967149350725, 23.183169323161337
53.169115176176945, 23.18162973518679
53.16848259410808, 23.179917730609077
53.167991700767054, 23.178612559614407
53.16726813693351, 23.176713555631864
next
53.16726813693351, 23.176713555631864
53.16662577268137, 23.179405271707083
53.165905401785395, 23.18350368708184
next
53.16726813693351, 23.176713555631864
53.165932552793606, 23.172911418917465
53.16188372777683, 23.16180707359581
next
53.16188372777683, 23.16180707359581
53.16177913245104, 23.162438396775542
53.16150574797669, 23.163618568742095
53.161354581696216, 23.164096001946746
53.16097183915887, 23.165163521134673
53.160524765823205, 23.16598427709323
53.16044435645581, 23.16646171029788
53.16031891754193, 23.16670310910922
53.160283537269144, 23.166853312814055
53.16022242582025, 23.16725564416629
53.16015809788528, 23.168414358460723
53.16009376985394, 23.168923978173552
53.15998119556709, 23.169589166009246
53.15998762839143, 23.17018998082858
53.15995868067429, 23.17096245702487
53.159970090772404, 23.17116201803094
53.16000225489282, 23.171548256129086
53.1600601502488, 23.172106155604183
53.1600665830613, 23.17312776291749
53.15995722511748, 23.173986069802254
next
53.16188372777683, 23.16180707359581
53.162242903133986, 23.16028527600679
53.16223968689091, 23.160124343465895
53.16217857822699, 23.159915131162734
53.16192127763504, 23.159437697958083
53.160844713929976, 23.15762028514655
next
53.160844713929976, 23.15762028514655
53.16101151110333, 23.15667351633806
53.161596880120115, 23.15439900309343
53.161629043021534, 23.15417369753618
53.161629043021534, 23.154050315921495
next
53.160844713929976, 23.15762028514655
53.160521232197894, 23.157099628956644
53.15997766189703, 23.15642371228489
53.1594812822521, 23.155851165354534
53.159104955967514, 23.15543274074821
53.15898916260082, 23.155287901461406
53.158953781232015, 23.155089417994304
53.15899559557383, 23.154772917330547
next
53.16053079461669, 23.19918510033017
53.15942089373456, 23.198134494939268
53.15870865819908, 23.197461619091428
53.15863146194331, 23.19735969514886
53.15432900523188, 23.19335352305154
53.15394620005086, 23.192956556117338
53.15347010145011, 23.192334283625883
53.153276936313446, 23.19204320506435
53.15138572891765, 23.189192600173783
53.15067475355808, 23.188087530059647
53.15002931607194, 23.186919595671725
53.14960143191737, 23.18581988997562
next
53.14960143191737, 23.18581988997562
53.14958846509534, 23.185225025334944
53.14955629317234, 23.18508018604814
53.14948873205559, 23.184919253507246
53.14908979758025, 23.18431307426988
53.14885560447315, 23.183895758834865
53.14851040774313, 23.18311219422651
53.148333457426126, 23.182763507054574
53.14813076798524, 23.18240409104658
53.14739834089953, 23.181190115158415
53.14731468958345, 23.181047958080626
53.147243907573326, 23.180870932285643
53.14721816863165, 23.180779737179137
53.14721977731596, 23.18059466475711
53.14728412463886, 23.1803586303638
53.1473758194074, 23.180127960388518
53.14747555735436, 23.179891925995207
53.14759459911692, 23.17960761183963
53.147700771221324, 23.17933939093814
next
53.16053079461669, 23.19918510033017
53.15993517200203, 23.19994369087476
53.15934334740367, 23.200791268923467
53.15864122060737, 23.201763850194652
53.15814587477555, 23.202235918981273
53.1573996287049, 23.202632885915477
53.15664693633784, 23.202707987767894
53.15573218460742, 23.202622157079418
53.148729442575245, 23.201914481114727
53.1472116252229, 23.201742819737774
53.14615993990248, 23.201732090901714
53.14401764703612, 23.201775006245953
next
53.14401764703612, 23.201775006245953
53.14378419214204, 23.20335610646066
53.143404510603276, 23.205764730156034
53.143214668575226, 23.206971724212735
53.14305700252432, 23.2083879305726
53.14293151280484, 23.20961638230142
53.1427995873198, 23.21106477516946
53.14269501195231, 23.21254133123216
53.14263146218154, 23.21258290547189
53.14258239204106, 23.21264057296571
53.14255182372846, 23.21274115580377
53.14255343258757, 23.21285649079141
53.14257836989588, 23.212932933748334
53.142608938189596, 23.212981213510602
53.14266203043744, 23.213016082227796
53.140810868553835, 23.234748412635895
next
53.14401764703612, 23.201775006245953
53.14415806578141, 23.20123800224269
53.144235288062255, 23.20074984020198
53.14429642226946, 23.200283135833388
53.144333424510506, 23.199778880538588
53.1443205541694, 23.199671592177992
next
53.1443205541694, 23.199671592177992
53.14429642226946, 23.199734624089842
53.144294813475646, 23.199868734540587
53.144242527643975, 23.200268383683806
53.14416932737266, 23.20070156043971
53.14408969177099, 23.201136078300124
53.14399155476582, 23.201645698012953
53.1439650094718, 23.201781149568205
53.14401764703612, 23.201775006245953
next
53.1443205541694, 23.199671592177992
53.14433380415085, 23.199417516805624
53.144293584322476, 23.195614144422507
53.14428999688704, 23.195280105267784
53.1442288626707, 23.194539815579674
53.14421116590761, 23.194089204465172
53.14418220755231, 23.19192969336075
53.14420633951642, 23.19167220129532
53.144201513124685, 23.19155686630768
53.14417255476285, 23.191441531320038
53.14410337637501, 23.191336925168457
53.14398915135122, 23.191213543553772
53.14367060672226, 23.190939958234253
53.14356925111761, 23.190803165574494
next
53.14356925111761, 23.190803165574494
53.143159687883724, 23.192209997463237
53.142882967138256, 23.193095126438152
53.14282183091916, 23.193443813610088
53.14254796585827, 23.194111042475697
53.1416423240556, 23.197027769329907
53.141632670695316, 23.197207477333905
53.141616581756736, 23.197285261395336
53.14150235011944, 23.197679546120526
53.140698070457624, 23.200622895385322
next
53.14401764703612, 23.201775006245953
53.14337007796925, 23.201755148583743
53.14299039276975, 23.201717597657534
53.14248843091357, 23.201653224641177
53.142166657407515, 23.20155666511664
53.14173144163562, 23.2013675472582
53.140698070457624, 23.200622895385322
next
53.14401764703612, 23.201775006245953
53.143940800657425, 23.201920482721107
53.143364843853035, 23.201931211557167
53.1423648741904, 23.201937329008615
53.14170591927947, 23.201894413664377
53.14126044275578, 23.20180321855787
53.14050385070696, 23.20130209624824
53.14012414017072, 23.200969502330395
next
53.14012414017072, 23.200969502330395
53.140318769681954, 23.20024889805893
53.140698070457624, 23.200622895385322
next